image 128x128 (clustered), tile 32, MLX 0.31.2
      N  pad  avg t/g  max t/g  fallback  build ms
   5000    4     2.62        4         0     0.428
   5000    8     2.62        4         0     0.267
   5000   16     2.62        4         0     0.304
  20000    4     2.64        4         0     0.408
  20000    8     2.64        4         0     0.337
  20000   16     2.64        4         0     0.465
  50000    4     2.63        4         0     0.421
  50000    8     2.63        4         0     0.524
  50000   16     2.63        4         0     0.875
